0,359
0,358
0,356
0,354
0,348
0,345
0,340
0,323
0,322
0,243
174,1
174,3
174,0
176,1
176,167
176,3
0,449
0,454
176,0
0,310
0,305
394,1
394,3
394,0
393,1
393,3
393,0
392,1
392,3
392,0
391,1
391,3
391,0
390,1
390,3
390,0
389,1
389,3
389,0
388,1
388,3
388,0
387,1
387,3
387,0
386,1
386,3
386,0
385,1
385,3
385,0
383,1
383,3
383,0
384,1
384,3
384,0
379,1
379,3
379,0
378,1
378,3
378,0
377,1
377,3
377,0
376,1
376,3
376,0
375,1
375,3
375,0
374,1
374,3
374,0
373,1
373,3
373,0
372,1
372,3
372,0
371,1
371,3
371,0
370,1
370,3
370,0
369,1
369,3
0,499
0,335
369,0
0,498
0,9
0,506
0,500
0,475
0,455
0,450
0,446
0,442
0,409
0,369
0,353
0,453
0,479
0,465
0,452
0,466
0,504
0,308
0,304
0,303
0,302
0,307
0,444
0,12
0,361
0,10
0,458
0,8
0,0
0,486
0,300
0,461
0,299
0,484
0,298
0,357
0,297
0,390
0,296
0,338
0,295
0,317
0,294
0,312
0,293
0,377
0,292
0,325
0,291
0,321
0,290
0,414
0,289
0,420
0,288
0,460
0,287
0,459
0,286
0,285
0,316
0,284
0,501
0,283
0,439
0,282
0,324
0,281
0,422
0,280
0,476
0,279
0,402
0,278
0,430
0,277
0,417
0,276
0,355
0,275
0,362
0,366
0,373
0,379
0,411
0,443
0,447
0,451
0,456
0,464
0,468
0,472
0,481
0,488
0,497
0,503
0,509
0,511
1,2
1,1
1,5
2,0
2,1
2,5
2,8
2,9
2,12
2,14
2,17
2,19
2,22
2,25
2,26
2,29
2,30
2,33
2,35
2,65
2,67
2,69
2,73
2,74
2,78
2,81
2,82
2,84
2,87
2,89
2,92
2,93
2,99
2,101
2,105
2,109
2,111
2,113
2,114
2,118
2,119
3,1
3,4
3,5
4,1
5,0
5,4
5,7
5,8
6,1
6,4
6,6
6,7
6,10
6,12
6,14
6,16
6,17
6,20
7,0
7,3
7,5
7,9
7,12
7,13
7,18
8,0
8,3
8,1
8,9
8,13
8,20
8,21
9,0
9,2
9,1
9,5
9,6
10,1
10,3
11,1
11,3
12,3
13,1
14,0
14,7
15,0
15,2
15,5
16,0
16,1
16,4
17,0
17,2
17,1
17,5
17,6
17,8
17,9
18,3
18,4
18,5
19,2
19,3
19,4
20,1
21,1
21,3
21,4
22,1
22,4
23,0
23,4
23,5
24,1
24,4
24,6
24,9
24,11
25,1
26,0
26,1
27,0
27,1
28,3
28,1
29,3
29,4
29,6
30,3
30,4
30,7
31,1
31,5
32,1
32,5
33,1
33,5
34,1
35,0
35,1
35,5
36,0
36,1
36,4
37,0
37,3
37,4
37,6
38,1
38,6
39,1
39,4
40,1
40,3
41,1
41,4
42,1
42,2
42,5
42,7
42,8
43,1
43,2
43,5
43,7
43,8
43,10
43,11
43,13
43,15
43,16
43,18
44,0
44,3
44,1
45,0
45,3
45,1
45,5
45,6
46,3
47,0
47,3
47,4
48,1
49,1
49,3
51,0
52,0
52,1
53,1
54,0
54,1
55,3
55,1
55,8
56,0
56,1
56,5
57,2
57,4
57,5
58,1
58,3
59,4
59,6
59,7
59,10
60,0
60,1
60,4
61,0
61,1
61,4
62,1
62,3
62,5
63,3
63,4
64,1
64,5
64,7
64,9
64,10
65,1
65,4
65,6
65,8
65,10
65,12
65,14
65,18
65,19
65,22
65,24
65,27
65,30
65,32
65,35
65,36
66,3
66,5
66,6
67,4
67,5
68,1
69,1
70,0
70,1
70,4
71,2
71,3
71,4
71,6
71,7
72,2
72,3
72,1
72,6
72,7
72,9
72,10
73,0
73,3
73,4
73,5
73,6
74,3
74,4
75,2
75,4
76,1
76,4
76,5
76,7
77,1
77,2
77,5
77,6
78,1
78,2
79,0
79,1
80,0
80,1
81,0
81,1
82,3
82,1
83,3
84,1
85,1
86,0
87,0
88,0
88,1
89,3
89,1
90,3
91,0
91,3
92,1
92,3
93,3
94,3
95,1
96,1
97,0
97,4
97,5
98,3
98,4
98,5
99,2
99,3
99,4
99,6
99,7
99,9
99,10
100,0
100,3
100,4
100,6
101,1
102,1
102,2
102,4
102,6
102,7
102,9
103,1
103,3
103,4
103,6
103,8
103,9
103,11
104,1
105,1
106,1
107,0
107,1
108,0
108,1
109,0
109,1
109,5
109,7
110,3
110,1
111,3
111,5
111,7
112,3
112,5
113,5
114,1
114,4
115,0
115,1
116,1
117,0
117,1
118,0
118,3
118,4
118,5
119,3
120,1
120,2
120,4
120,5
121,3
121,4
123,0
124,0
124,1
125,1
126,0
126,1
127,3
127,1
128,3
128,1
129,2
129,3
129,5
129,7
129,8
130,1
130,2
131,1
131,5
132,0
132,3
132,1
133,3
134,0
134,1
134,3
135,1
136,1
136,3
137,1
137,4
137,5
138,2
138,3
138,4
138,6
139,1
140,0
140,1
141,0
141,3
141,6
141,7
141,8
141,11
141,12
142,0
142,3
142,4
142,6
143,0
143,2
143,3
144,0
144,3
144,1
144,5
144,7
145,1
145,4
146,0
146,1
147,1
147,6
148,0
148,1
149,1
149,3
150,3
150,1
150,7
151,2
151,5
152,4
152,1
153,1
154,0
154,2
154,1
154,4
155,2
155,6
156,2
157,1
158,0
158,3
158,5
159,1
160,0
160,1
161,0
161,1
161,6
162,1
162,5
163,3
164,1
164,6
165,1
166,0
166,4
167,3
167,4
168,1
169,1
169,4
170,2
170,1
170,4
171,0
171,1
171,4
172,0
172,1
173,0
173,3
173,6
175,0
175,1
175,4
175,5
176,4
176,5
176,7
176,10
176,11
176,13
176,15
176,17
176,19
176,20
176,22
176,23
176,25
176,26
176,28
176,30
176,31
176,33
176,34
176,36
176,38
176,39
176,41
176,42
176,44
176,45
176,47
176,49
176,50
176,52
176,53
176,55
176,57
176,58
176,60
176,61
176,63
176,64
176,66
176,68
176,69
176,71
176,72
176,74
176,76
176,77
176,79
176,80
176,82
176,84
176,85
176,87
176,88
176,90
176,91
176,93
176,95
176,96
176,98
176,99
176,101
176,103
176,104
176,106
176,107
176,109
176,110
176,112
176,114
176,115
176,117
176,118
176,120
176,122
176,123
176,125
176,126
176,128
176,129
176,131
176,133
176,134
176,136
176,137
176,139
176,141
176,142
176,144
176,145
176,147
176,149
176,150
176,152
176,153
176,155
176,156
176,158
176,160
176,161
176,163
176,164
176,166
177,1
177,3
178,3
179,0
179,3
180,2
180,1
181,0
181,3
181,4
182,0
182,2
183,3
183,1
183,6
184,0
184,1
184,4
185,0
185,2
185,3
186,5
187,0
187,3
189,0
189,1
190,0
190,1
191,1
192,2
192,4
193,2
193,3
194,0
194,1
195,1
196,0
196,1
196,4
196,6
197,0
197,3
198,1
199,2
200,0
200,2
201,0
201,2
201,5
202,0
202,3
202,4
204,0
204,4
204,6
205,2
205,3
206,0
206,2
206,1
206,5
207,1
207,6
208,0
208,3
208,4
209,0
209,2
209,3
210,2
210,3
211,0
211,2
211,4
212,1
212,4
213,3
213,4
214,0
214,3
214,4
215,0
215,3
215,1
216,1
216,4
216,9
217,1
218,0
218,1
218,5
219,4
220,1
221,1
222,1
222,2
223,1
223,4
224,4
224,1
225,4
226,1
226,2
227,1
227,3
228,3
229,4
230,0
230,4
231,1
232,0
232,1
233,1
234,1
234,4
235,4
236,1
237,2
237,1
238,0
238,2
239,1
239,3
240,1
240,3
241,1
241,2
242,3
243,0
243,2
244,3
245,1
245,3
246,0
246,2
247,0
247,3
247,4
247,8
248,3
248,1
248,7
249,3
249,1
250,0
250,1
250,5
251,3
251,1
251,5
252,1
252,6
253,1
254,2
254,1
254,5
255,2
255,3
255,5
257,0
257,3
258,0
258,1
258,4
259,2
259,1
259,5
259,7
260,3
260,1
260,6
261,1
261,2
4,3
261,5
262,1
262,3
263,1
264,1
264,3
265,2
2,100
266,2
267,1
267,4
268,1
268,4
269,4
270,4
271,0
271,3
272,1
272,5
273,3
273,4
274,4
274,6
275,4
275,1
276,1
276,5
277,0
277,3
278,1
278,4
279,0
279,1
280,0
280,1
280,3
280,5
281,0
281,4
281,6
282,5
282,1
283,1
283,6
284,0
284,3
284,1
284,5
285,0
285,2
286,3
286,1
286,6
287,1
287,6
288,4
288,1
289,4
289,1
290,1
291,0
291,1
292,3
292,1
293,1
294,1
295,0
295,2
296,0
296,1
297,0
298,0
298,1
299,1
299,6
300,0
300,1
300,5
301,2
302,2
302,4
302,5
303,1
303,6
304,1
305,1
305,4
306,0
306,3
306,1
307,0
307,3
307,4
308,3
308,4
308,7
309,2
309,4
310,2
310,4
311,1
311,3
312,1
312,4
313,0
313,4
313,1
313,7
314,2
314,4
314,5
315,1
315,4
316,1
316,4
317,0
317,1
317,5
317,6
318,0
318,4
318,1
319,1
319,2
320,0
320,2
320,1
321,1
321,2
322,1
322,2
322,5
323,2
323,4
324,2
324,4
325,2
325,1
326,0
326,3
326,1
326,6
327,0
327,3
327,5
328,0
328,4
328,1
329,0
329,3
329,5
330,2
330,3
330,5
330,6
331,3
332,0
332,1
332,5
332,6
333,2
333,5
334,1
334,4
335,1
336,0
336,2
336,1
336,6
337,1
337,4
338,0
338,3
339,1
339,3
340,1
340,2
341,0
341,3
341,4
342,1
342,3
343,1
343,3
344,1
344,4
345,0
345,3
346,0
346,4
347,0
347,2
347,1
347,5
348,1
348,3
348,6
349,2
349,4
349,5
350,1
350,4
351,0
351,2
351,1
351,5
351,8
352,1
352,4
353,0
353,2
353,1
353,5
354,2
354,1
354,5
355,2
355,4
356,2
356,4
356,5
357,2
357,4
358,2
358,4
359,2
359,1
359,4
359,6
360,0
360,2
360,4
360,5
361,1
361,2
361,4
362,0
362,2
362,4
362,5
363,1
363,2
363,4
363,6
363,7
364,0
364,1
364,3
364,4
365,1
365,3
365,4
365,6
366,0
366,2
366,4
366,5
367,1
367,2
367,4
368,0
368,2
368,4
369,2
369,5
369,6
370,2
371,4
372,2
373,2
373,4
373,6
374,4
375,2
376,2
376,4
377,4
377,5
377,7
378,4
379,2
379,5
380,0
380,2
380,4
381,0
381,2
381,3
381,5
383,2
383,5
384,2
385,2
387,2
388,2
390,2
392,2
393,2
395,0
395,1
395,3
395,4
396,1
396,3
396,4
397,0
397,1
397,3
398,1
398,2
398,4
398,5
398,7
399,0
399,2
400,0
400,1
400,3
401,0
401,2
401,4
401,5
402,0
402,1
402,3
402,5
402,6
403,1
403,2
403,4
404,0
404,2
404,4
404,5
405,0
405,1
405,3
405,5
406,0
406,2
406,3
406,5
407,0
407,2
407,4
407,5
408,1
408,2
409,0
409,2
409,3
410,0
410,1
410,3
410,4
411,0
411,2
411,3
411,5
411,6
412,0
412,2
412,3
412,5
413,0
413,2
413,4
413,5
414,1
414,2
415,0
415,1
415,3
415,5
416,0
416,2
416,3
416,5
417,1
417,2
417,4
417,5
418,1
418,2
418,4
419,0
419,1
419,3
419,4
420,0
420,2
420,3
420,5
421,0
421,2
421,3
422,0
422,2
422,3
423,0
423,1
423,3
423,5
424,0
424,2
424,3
424,5
425,0
425,2
425,4
425,5
426,1
426,2
426,4
427,1
427,2
428,0
428,1
428,3
429,0
429,1
429,3
429,4
430,1
430,2
430,4
431,1
431,2
431,4
431,5
432,1
432,3
432,4
433,1
433,2
433,4
434,0
434,2
434,4
435,0
435,2
435,3
436,0
436,2
436,3
437,0
437,1
437,3
437,4
437,6
437,8
437,9
437,11
437,12
437,14
437,16
437,17
2,86
1,6
3,3
2,4
2,32
2,68
2,7
2,27
2,90
2,21
2,107
2,76
2,64
2,10
2,77
2,110
2,18
2,97
2,95
2,13
2,98
2,115
2,102
203,0
204,3
205,0
207,0
249,0
251,0
253,0
253,3
254,3
255,0
150,0
151,0
151,3
165,0
165,3
162,0
160,3
163,0
170,0
167,0
164,0
169,0
169,3
137,3
138,0
256,3
256,1
120,0
59,3
259,0
261,3
264,0
116,3
180,0
193,0
192,0
192,3
188,3
186,0
189,3
191,0
191,3
5,3
6,0
57,0
10,0
11,0
13,3
12,0
21,0
153,0
216,0
265,0
265,3
268,3
266,0
267,0
15,3
352,0
355,0
355,3
357,3
358,0
356,3
24,3
157,3
93,0
95,0
140,3
269,3
272,0
273,0
276,3
270,3
274,3
275,0
131,0
131,3
130,3
22,0
23,3
278,3
287,0
282,0
282,3
288,0
290,3
289,0
292,0
293,0
102,0
104,0
105,3
103,0
96,3
101,0
121,0
155,3
156,3
113,0
115,3
112,0
219,0
219,3
220,3
217,3
221,0
294,0
294,3
298,3
302,0
302,3
297,3
301,0
304,0
310,0
310,3
309,3
305,0
308,0
29,0
34,3
32,0
32,3
39,0
178,0
83,0
85,0
85,3
86,3
88,3
40,0
41,0
210,0
198,3
199,0
200,3
311,0
122,3
124,3
125,3
152,3
227,0
229,3
228,0
231,0
234,3
236,0
237,0
237,3
243,3
78,3
77,3
76,3
222,0
223,0
223,3
224,3
225,3
226,0
233,0
233,3
235,3
238,3
240,0
242,0
245,0
312,0
312,3
315,0
318,3
316,0
319,0
319,3
320,3
147,0
321,0
322,0
322,3
63,0
64,3
65,3
67,3
66,0
323,0
323,3
333,3
324,3
325,3
331,0
212,0
42,3
51,3
52,3
50,0
50,3
337,0
337,3
335,3
43,3
69,3
172,3
339,0
340,0
346,3
350,0
349,3
350,3
340,3
344,0
68,3
111,0
335,0
334,0
53,3
49,0
212,3
328,3
324,0
333,0
48,0
67,0
64,0
62,0
321,3
313,3
314,3
316,3
315,3
0,496
75,0
241,3
74,0
235,0
226,3
225,0
224,0
222,3
76,0
244,0
239,0
236,3
231,3
230,3
229,0
152,0
123,3
122,0
199,3
198,0
41,3
92,0
87,3
84,0
31,0
30,0
33,3
38,0
305,3
309,0
304,3
301,3
303,0
299,0
295,3
218,3
217,0
220,0
114,3
113,3
156,0
155,0
97,3
106,3
104,3
293,3
289,3
288,3
285,3
281,3
278,0
22,3
129,0
275,3
274,0
270,0
272,3
269,0
95,3
94,0
354,3
358,3
357,0
352,3
267,3
266,1
265,1
216,3
20,0
14,3
13,0
58,0
6,3
195,0
190,3
186,3
188,0
182,3
139,0
263,0
260,0
59,0
25,3
256,0
136,0
164,3
161,3
166,3
162,3
159,3
168,0
135,0
0,510
254,0
250,3
252,0
211,3
203,3
2,103
2,116
2,94
2,15
2,80
2,72
2,120
2,108
2,23
2,85
2,70
3,6
3,0
2,2
437,15
437,13
437,10
437,7
437,5
437,2
436,4
436,1
435,4
435,1
434,3
434,1
433,3
433,0
432,2
432,0
431,3
431,0
430,3
430,0
429,2
428,4
428,2
427,3
427,0
426,3
426,0
425,3
425,1
424,4
424,1
423,4
423,2
422,4
422,1
421,4
421,1
420,4
420,1
419,5
419,2
418,5
418,3
418,0
417,3
417,0
416,4
416,1
415,4
415,2
414,3
414,0
413,3
413,1
412,4
412,1
411,7
411,4
411,1
410,5
410,2
409,4
409,1
408,3
408,0
407,3
407,1
406,4
406,1
405,4
405,2
404,6
404,3
404,1
403,3
403,0
402,4
402,2
401,6
401,3
401,1
400,2
399,3
399,1
398,6
398,3
398,0
397,2
396,5
396,2
396,0
395,2
394,2
391,2
389,2
386,2
383,6
383,4
381,4
381,1
380,3
380,1
379,4
378,2
377,6
377,2
375,4
374,2
373,5
372,4
371,2
369,7
369,4
368,3
368,1
367,3
367,0
366,3
366,1
365,5
365,2
365,0
364,2
363,8
363,5
363,3
363,0
362,3
362,1
361,3
361,0
360,3
360,1
359,5
359,3
359,0
358,1
357,1
356,1
356,0
355,1
354,4
354,0
353,3
352,5
352,2
351,7
351,3
350,6
350,2
349,1
349,0
348,4
348,0
347,3
346,1
346,2
345,1
344,3
343,4
343,0
342,0
341,1
340,4
339,4
338,4
338,1
337,2
336,5
336,3
335,2
334,3
333,4
333,1
332,3
331,4
331,1
330,1
330,0
329,1
328,5
328,2
327,1
327,2
326,5
326,2
325,4
325,0
324,1
323,1
322,4
321,4
320,5
320,4
319,4
318,5
318,2
317,8
317,3
316,5
316,2
315,2
314,1
314,0
313,5
313,2
312,2
311,4
310,5
310,1
309,1
308,6
308,1
307,1
306,5
306,2
305,2
304,4
303,3
302,1
301,5
301,1
300,3
299,3
298,4
297,1
296,3
295,1
294,2
292,4
291,4
291,3
290,0
289,2
288,2
287,3
286,5
286,0
285,1
284,4
284,2
283,3
283,0
282,2
281,1
280,6
280,2
279,5
279,3
278,2
277,1
276,2
276,0
275,2
274,1
273,1
272,4
271,1
270,1
269,1
268,0
