112,16
104,676
104,331
104,327
104,255
104,330
104,322
104,326
104,333
104,334
105,349
112,15
105,252
105,227
104,675
105,220
104,674
105,348
104,673
104,672
104,528
104,336
104,671
104,527
104,346
105,347
104,670
104,669
104,668
105,346
104,667
104,666
105,345
104,665
104,664
104,663
105,344
104,662
104,661
104,526
105,343
104,509
104,660
104,525
105,251
104,524
105,195
104,508
104,659
104,658
105,342
104,657
104,656
104,655
105,341
104,523
104,522
104,654
104,653
105,340
104,652
104,651
104,650
105,339
104,649
104,648
105,338
104,647
104,646
104,521
104,520
104,233
104,238
104,645
104,519
104,518
105,337
104,504
104,644
104,643
104,642
105,336
104,641
104,517
112,14
104,235
104,640
104,516
105,335
104,639
104,638
104,637
105,334
105,250
105,249
104,636
105,129
104,635
105,333
104,634
104,633
104,632
105,332
104,631
104,630
104,629
105,331
104,628
104,627
105,330
104,626
104,625
104,624
105,329
104,623
104,622
105,328
104,621
104,620
104,619
105,327
104,618
105,248
105,209
104,617
104,616
105,326
104,615
104,614
105,325
104,613
104,612
104,515
104,611
105,324
104,610
104,514
104,609
105,323
104,608
104,607
112,13
104,606
105,322
104,605
104,604
104,603
105,321
104,602
104,601
105,320
104,600
104,599
104,598
105,127
104,597
104,596
105,126
104,595
104,594
104,593
105,125
104,592
104,591
104,590
105,124
105,247
104,589
105,54
104,588
105,123
104,587
104,586
104,585
105,122
112,12
104,584
112,11
104,513
104,583
104,227
105,121
104,582
104,511
104,215
105,246
105,49
104,581
104,580
105,120
104,579
104,578
105,119
104,577
104,576
104,510
104,447
105,118
104,446
104,445
105,245
105,44
104,444
105,117
104,443
105,256
105,193
104,442
105,116
104,441
113,7
112,10
104,440
105,244
105,192
104,439
105,115
104,438
104,437
105,114
104,436
105,243
105,34
104,435
104,434
105,113
104,433
105,242
104,432
104,507
104,506
104,207
104,193
104,431
105,112
104,505
104,201
104,430
105,241
105,29
104,429
105,111
104,428
105,240
105,239
104,427
104,503
105,238
104,197
105,62
105,237
104,426
105,31
105,110
105,236
105,235
105,130
105,60
104,425
104,502
104,223
104,424
105,234
105,22
105,109
104,423
105,233
105,42
104,422
105,232
104,421
105,108
104,420
105,231
105,24
105,230
104,419
105,229
105,128
105,228
104,501
104,500
104,499
105,26
104,128
104,59
104,498
104,418
104,129
105,107
105,226
104,497
104,496
104,495
105,225
104,231
104,494
104,63
105,63
104,232
104,417
104,493
104,492
104,130
104,491
104,490
104,228
104,416
104,489
104,230
104,488
104,229
104,487
105,106
105,224
104,226
104,415
105,17
105,223
105,222
104,414
104,486
104,485
104,222
104,202
104,413
422,127
104,512
105,105
105,221
104,484
105,45
104,483
104,196
104,482
104,212
104,412
105,219
104,481
104,480
104,479
104,225
104,478
104,411
422,126
104,477
104,476
105,104
104,410
104,475
104,474
104,214
104,61
113,6
104,473
422,125
104,192
104,409
104,472
104,57
104,408
105,103
105,218
422,124
104,471
105,14
104,470
104,407
105,217
105,216
105,53
105,19
104,469
104,468
104,406
104,467
104,466
104,465
422,123
104,224
105,102
104,405
105,215
105,59
104,404
105,214
105,213
422,122
105,212
105,211
105,210
104,403
105,61
105,35
104,464
105,101
104,463
104,462
104,461
104,460
104,62
104,459
104,458
104,457
104,219
104,456
104,455
104,218
104,221
104,402
104,47
104,454
422,121
104,220
104,453
104,37
104,452
104,451
104,450
104,401
104,39
104,449
104,211
105,58
105,100
104,383
104,400
422,120
104,131
105,208
105,207
104,399
105,206
104,382
104,381
104,380
104,379
104,56
104,378
104,377
104,60
104,216
104,217
105,99
422,119
104,398
104,376
104,375
104,374
104,132
104,373
104,372
104,36
104,30
104,371
104,370
104,397
104,369
104,213
422,118
104,396
105,98
105,205
105,9
104,368
104,367
104,395
104,38
104,366
422,117
104,365
104,394
105,97
104,393
422,116
104,392
104,448
104,195
105,96
104,391
104,364
422,115
104,390
104,363
105,204
105,47
105,203
104,362
104,389
104,194
422,114
105,95
104,361
104,360
104,388
104,387
422,113
105,94
104,359
104,386
104,358
104,21
422,112
104,385
104,357
105,202
104,356
104,27
105,201
104,384
105,93
105,200
422,111
104,355
104,319
104,354
104,353
104,18
104,205
104,318
104,352
104,20
422,110
104,317
105,199
105,92
104,351
104,350
104,203
104,349
104,44
104,208
104,348
104,316
422,109
104,347
104,315
104,45
104,345
104,344
104,42
104,343
104,199
105,91
104,342
104,200
104,341
104,340
104,339
104,314
105,198
422,108
104,204
104,338
104,206
112,9
104,337
104,210
104,51
104,335
104,313
104,332
104,12
104,209
104,22
104,198
422,107
104,312
105,90
104,329
104,328
104,311
104,49
104,325
104,13
104,324
104,323
104,321
422,106
104,9
104,310
104,8
105,89
104,309
104,254
104,253
422,105
104,252
104,308
104,251
105,197
104,307
104,250
422,104
105,88
104,249
104,306
104,248
104,247
104,246
104,245
104,320
104,244
104,243
104,242
104,241
104,305
422,103
104,304
105,87
422,102
104,303
104,302
105,86
422,101
104,301
104,240
104,239
104,300
422,100
104,299
105,85
112,8
104,298
422,99
104,297
105,84
104,296
422,98
105,196
104,295
422,97
104,294
105,83
104,293
105,8
422,96
104,292
104,291
105,82
422,95
104,290
104,289
422,94
105,81
104,288
104,287
422,93
104,237
104,286
104,236
105,80
105,194
422,92
104,285
104,284
422,91
105,79
104,283
112,7
113,5
113,4
104,282
422,90
104,281
105,78
104,280
422,89
104,279
104,278
105,77
422,88
104,234
104,277
422,87
104,276
105,76
104,275
422,86
104,274
104,273
105,75
422,85
104,272
104,271
422,84
105,74
104,270
104,269
105,132
105,131
422,83
104,268
105,73
104,267
422,82
104,266
422,81
104,265
105,72
104,264
422,80
104,263
105,71
104,262
422,79
104,261
104,260
105,70
422,78
104,259
104,258
422,77
105,69
104,257
422,76
104,256
104,127
105,68
422,75
441,18
443,113
104,126
104,125
422,74
105,67
104,124
104,123
422,73
104,122
105,66
104,121
105,12
422,72
112,6
104,120
105,65
104,119
422,71
104,118
105,64
422,70
104,117
104,116
422,69
104,115
105,57
104,114
422,68
104,113
105,56
104,112
422,67
104,111
105,55
104,110
105,52
422,66
104,109
104,108
105,51
422,65
104,107
104,106
422,64
105,50
104,105
104,104
422,36
105,48
104,103
422,35
104,102
104,101
105,46
422,34
104,100
104,99
105,43
422,33
104,98
104,97
422,32
105,41
104,96
104,95
422,31
104,94
105,40
104,93
422,30
104,92
105,39
104,91
422,29
104,90
105,38
422,28
104,89
104,88
422,27
104,87
105,37
104,86
422,26
104,85
105,36
104,84
422,25
104,83
105,33
104,82
422,24
104,81
104,80
422,23
105,32
104,79
112,5
112,4
104,78
422,22
105,30
